   1.3110000e+02   1.8800000e+02   2.3400000e+02
   1.2800000e+02   1.8200000e+02   2.5900000e+01
   4.2900000e+01   1.9200000e+02   1.2800000e+02
   2.1410000e+02   1.9200000e+02   1.3100000e+02
   1.3100000e+02   4.6900000e+01   1.3300000e+02
   1.3200000e+02   1.6900000e+02   2.3610000e+02
   1.3100000e+02   1.5000000e+02   2.3510000e+02
   1.3100000e+02   1.3000000e+02   2.3410000e+02
   1.3100000e+02   1.1015160e+02   2.2717580e+02
   1.3100000e+02   9.4151604e+01   2.1717580e+02
   1.3100000e+02   7.9000000e+01   2.0410000e+02
   1.3100000e+02   6.6057901e+01   1.8826066e+02
   1.3100000e+02   5.6900000e+01   1.6900000e+02
   1.3100000e+02   5.1000000e+01   1.5210000e+02
   1.3111906e+02   4.4474472e+01   1.1301811e+02
   1.2951290e+02   4.7387095e+01   9.4051619e+01
   1.2900000e+02   5.5824198e+01   7.4151604e+01
   1.2900000e+02   6.7361286e+01   6.0538714e+01
   1.2800000e+02   8.4000000e+01   4.9900000e+01
   1.2800000e+02   1.0174840e+02   4.0075802e+01
   1.2800000e+02   1.2100000e+02   3.2900000e+01
   1.2799000e+02   1.4110670e+02   2.6459659e+01
   1.2800000e+02   1.5900000e+02   2.4900000e+01
   2.1510000e+02   1.7300000e+02   1.3200000e+02
   2.1500000e+02   1.5300000e+02   1.3210000e+02
   2.1410000e+02   1.3400000e+02   1.3200000e+02
   2.1210000e+02   1.1500000e+02   1.3200000e+02
   2.0810000e+02   9.8000000e+01   1.3200000e+02
   1.9664386e+02   8.1543862e+01   1.3300000e+02
   1.8448456e+02   6.8788420e+01   1.3240386e+02
   1.6610000e+02   5.7000000e+01   1.3300000e+02
   1.4805848e+02   5.0414621e+01   1.3248538e+02
   1.1200000e+02   4.7900000e+01   1.3200000e+02
   9.4352568e+01   5.5135574e+01   1.3100000e+02
   7.8352568e+01   6.5135574e+01   1.3100000e+02
   6.4000000e+01   7.8900000e+01   1.3000000e+02
   5.3001252e+01   9.5797496e+01   1.2955063e+02
   4.7527986e+01   1.1202541e+02   1.2900000e+02
   4.4900000e+01   1.3200000e+02   1.2800000e+02
   4.3900000e+01   1.5100000e+02   1.2800000e+02
   4.2000000e+01   1.7000000e+02   1.2810000e+02
   1.4200000e+02   1.8900000e+02   2.2510000e+02
   1.5700000e+02   1.8900000e+02   2.2510000e+02
   1.7172484e+02   1.9041663e+02   2.2179178e+02
   1.8053568e+02   1.9200000e+02   2.1110337e+02
   1.8900000e+02   1.9200000e+02   1.9910000e+02
   2.0000000e+02   1.9200000e+02   1.9010000e+02
   2.1002450e+02   1.9200000e+02   1.7715100e+02
   2.1450542e+02   1.9200000e+02   1.6497290e+02
   2.1510000e+02   1.9200000e+02   1.4993276e+02
   2.1608915e+02   1.9106487e+02   1.1624330e+02
   2.1910000e+02   1.9100000e+02   1.0093276e+02
   2.1378186e+02   1.8943000e+02   8.8962857e+01
   2.0610000e+02   1.8900000e+02   7.5000000e+01
   1.9685965e+02   1.8800000e+02   6.1346207e+01
   1.8847258e+02   1.8713053e+02   4.8562105e+01
   1.7500000e+02   1.8500000e+02   3.8900000e+01
   1.6125100e+02   1.8400000e+02   3.1075501e+01
   1.4500000e+02   1.8300000e+02   2.7900000e+01
   1.1821256e+02   1.8917791e+02   2.2613465e+02
   1.0493309e+02   1.8900000e+02   2.2310000e+02
   8.9973229e+01   1.9000000e+02   2.2269465e+02
   7.7000000e+01   1.9200000e+02   2.1410000e+02
   6.9538475e+01   1.9200000e+02   2.0063847e+02
   5.7538475e+01   1.9200000e+02   1.8863847e+02
   4.7900000e+01   1.9200000e+02   1.7600000e+02
   4.2494646e+01   1.9200000e+02   1.6197323e+02
   4.1533912e+01   1.9195932e+02   1.4696618e+02
   4.1000000e+01   1.9100000e+02   1.1510000e+02
   3.8948963e+01   1.9051037e+02   9.9992519e+01
   4.5900000e+01   1.9000000e+02   8.6000000e+01
   5.4802073e+01   1.8854896e+02   7.3195854e+01
   6.1900000e+01   1.8800000e+02   5.9000000e+01
   6.9900000e+01   1.8600000e+02   4.8000000e+01
   8.2896309e+01   1.8500000e+02   3.8464405e+01
   9.6900000e+01   1.8400000e+02   3.1000000e+01
   1.1202677e+02   1.8259465e+02   2.6900000e+01
   1.4600000e+02   1.6900000e+02   2.3510000e+02
   1.6084233e+02   1.7100000e+02   2.3117883e+02
   1.7500000e+02   1.7200000e+02   2.2510000e+02
   1.8600000e+02   1.7300000e+02   2.1710000e+02
   1.9402117e+02   1.7300000e+02   2.0315767e+02
   2.0123588e+02   1.7300000e+02   1.9145217e+02
   2.1000000e+02   1.7400000e+02   1.7710000e+02
   2.1304038e+02   1.7300000e+02   1.6204060e+02
   2.1259957e+02   1.7300000e+02   1.4700171e+02
   2.1859957e+02   1.7200000e+02   1.1700171e+02
   2.1900000e+02   1.7190000e+02   1.0000000e+02
   2.1042065e+02   1.6987965e+02   8.7628590e+01
   2.0510000e+02   1.6800000e+02   7.4000000e+01
   1.9617883e+02   1.6700000e+02   6.0157666e+01
   1.8710000e+02   1.6500000e+02   4.7000000e+01
   1.7548417e+02   1.6359604e+02   3.6788125e+01
   1.5905801e+02   1.6151450e+02   3.0414502e+01
   1.4400000e+02   1.6000000e+02   2.6900000e+01
   1.1700000e+02   1.6900000e+02   2.3510000e+02
   1.0100638e+02   1.7004984e+02   2.3255176e+02
   8.7000000e+01   1.7110000e+02   2.2700000e+02
   7.3537543e+01   1.7100000e+02   2.1863754e+02
   6.4464063e+01   1.7100000e+02   2.0410242e+02
   5.7900000e+01   1.7100000e+02   1.9000000e+02
   4.9464063e+01   1.7100000e+02   1.7610242e+02
   4.5000000e+01   1.7000000e+02   1.6110000e+02
   4.4900000e+01   1.7000000e+02   1.4600000e+02
   4.1900000e+01   1.7000000e+02   1.2100000e+02
   3.9435937e+01   1.6800000e+02   1.0600242e+02
   4.6305613e+01   1.6700000e+02   8.9971937e+01
   5.1900000e+01   1.6600000e+02   7.5000000e+01
   5.9802648e+01   1.6454868e+02   6.1194704e+01
   6.7508006e+01   1.6390033e+02   4.9571325e+01
   8.1740811e+01   1.6200000e+02   3.8057146e+01
   9.6000000e+01   1.6100000e+02   3.0900000e+01
   1.1094886e+02   1.5946406e+02   2.6461506e+01
   1.4288444e+02   1.4983000e+02   2.3365811e+02
   1.5981007e+02   1.5239777e+02   2.3014022e+02
   1.7184680e+02   1.5300000e+02   2.2517660e+02
   1.8500000e+02   1.5300000e+02   2.1710000e+02
   1.9433206e+02   1.5300000e+02   2.0434309e+02
   2.0192340e+02   1.5300000e+02   1.9225320e+02
   2.0810000e+02   1.5300000e+02   1.7800000e+02
   2.1204048e+02   1.5300000e+02   1.6303561e+02
   2.1333999e+02   1.5320000e+02   1.4814507e+02
   2.1610000e+02   1.5200000e+02   1.1893522e+02
   2.1581811e+02   1.5082000e+02   1.0523556e+02
   2.0986113e+02   1.5000000e+02   8.8348172e+01
   2.0310000e+02   1.4900000e+02   7.4000000e+01
   1.9619885e+02   1.4754943e+02   6.0197708e+01
   1.8767892e+02   1.4652631e+02   4.8578918e+01
   1.7510000e+02   1.4500000e+02   3.8000000e+01
   1.6114378e+02   1.4300000e+02   3.1995687e+01
   1.4409458e+02   1.4151087e+02   2.7951087e+01
   1.1700000e+02   1.5000000e+02   2.3410000e+02
   1.0200231e+02   1.5100000e+02   2.3160058e+02
   8.6202610e+01   1.5144935e+02   2.2420131e+02
   7.3900000e+01   1.5200000e+02   2.1500000e+02
   6.4764499e+01   1.5200000e+02   2.0245266e+02
   5.6900000e+01   1.5200000e+02   1.8800000e+02
   5.0998147e+01   1.5200000e+02   1.7414883e+02
   4.6900000e+01   1.5100000e+02   1.6000000e+02
   4.4900000e+01   1.5100000e+02   1.4494083e+02
   4.1900000e+01   1.5000000e+02   1.1500000e+02
   4.2385351e+01   1.4951465e+02   9.9058597e+01
   4.8399422e+01   1.4800000e+02   8.7002313e+01
   5.4820888e+01   1.4700000e+02   7.1158223e+01
   6.1820888e+01   1.4600000e+02   5.9158223e+01
   7.1900000e+01   1.4500000e+02   4.7000000e+01
   8.2900000e+01   1.4400000e+02   3.8000000e+01
   9.6803868e+01   1.4253747e+02   3.2021193e+01
   1.1100000e+02   1.4100000e+02   2.7900000e+01
   1.6431114e+02   1.4613392e+02   2.2692278e+02
   1.5457626e+02   1.3757626e+02   2.3057458e+02
   1.4419434e+02   1.3109717e+02   2.3255142e+02
   9.5494566e+01   1.4645390e+02   2.2756383e+02
   1.0547626e+02   1.3842374e+02   2.3052542e+02
   1.1719434e+02   1.3390283e+02   2.3264858e+02
   1.8110000e+02   1.4600000e+02   2.1800000e+02
   1.7555189e+02   1.3700687e+02   2.2004983e+02
   1.7109757e+02   1.3019515e+02   2.2155121e+02
   1.6594267e+02   1.2348267e+02   2.2450011e+02
   1.5700000e+02   1.1700000e+02   2.2510000e+02
   1.5000000e+02   1.1200000e+02   2.2610000e+02
   1.4100000e+02   1.1000000e+02   2.2710000e+02
   7.9000000e+01   1.4500000e+02   2.1810000e+02
   8.4000000e+01   1.3800000e+02   2.2010000e+02
   8.9900000e+01   1.3200000e+02   2.2200000e+02
   9.5514533e+01   1.2243755e+02   2.2405208e+02
   1.0205054e+02   1.1748737e+02   2.2561263e+02
   1.1016271e+02   1.1419000e+02   2.2573754e+02
   1.2000000e+02   1.1000000e+02   2.2710000e+02
   1.9255305e+02   1.4201108e+02   2.0604972e+02
   1.8800000e+02   1.3200000e+02   2.0810000e+02
   1.8116811e+02   1.2222497e+02   2.1048813e+02
   1.7510000e+02   1.1300000e+02   2.1200000e+02
   1.6661767e+02   1.0556548e+02   2.1404782e+02
   1.5526352e+02   9.8059366e+01   2.1600000e+02
   1.4400000e+02   9.4900000e+01   2.1700000e+02
   6.6900000e+01   1.4200000e+02   2.0400000e+02
   7.1900000e+01   1.3000000e+02   2.0700000e+02
   7.7482516e+01   1.2041748e+02   2.0951121e+02
   8.5579901e+01   1.1042010e+02   2.1162663e+02
   9.5565484e+01   1.0238233e+02   2.1404782e+02
   1.0500000e+02   9.7000000e+01   2.1510000e+02
   1.1900000e+02   9.5000000e+01   2.1710000e+02
   2.0010000e+02   1.4000000e+02   1.9400000e+02
   1.9600000e+02   1.2800000e+02   1.9610000e+02
   1.8810000e+02   1.1600000e+02   1.9800000e+02
   1.8010000e+02   1.0400000e+02   2.0000000e+02
   1.7110000e+02   9.4000000e+01   2.0100000e+02
   1.6010000e+02   8.7000000e+01   2.0300000e+02
   1.4605195e+02   8.0450450e+01   2.0349950e+02
   5.7708431e+01   1.3799228e+02   1.9009943e+02
   6.3081958e+01   1.2569237e+02   1.9256284e+02
   7.0000000e+01   1.1190000e+02   1.9500000e+02
   7.8000000e+01   1.0090000e+02   1.9700000e+02
   9.0210619e+01   9.0839425e+01   1.9959739e+02
   1.0300000e+02   8.3000000e+01   2.0110000e+02
   1.1500000e+02   8.0000000e+01   2.0310000e+02
   2.0810000e+02   1.3800000e+02   1.7900000e+02
   2.0356487e+02   1.2300541e+02   1.8100000e+02
   1.9610000e+02   1.1000000e+02   1.8300000e+02
   1.8783521e+02   9.7368008e+01   1.8404080e+02
   1.7610000e+02   8.6000000e+01   1.8600000e+02
   1.6438984e+02   7.5761417e+01   1.8647157e+02
   1.4805298e+02   6.7413244e+01   1.8748676e+02
   5.1900000e+01   1.3602503e+02   1.7559499e+02
   5.5000000e+01   1.2090000e+02   1.7800000e+02
   6.3900000e+01   1.0600000e+02   1.8000000e+02
   7.2439732e+01   9.3460268e+01   1.8200000e+02
   8.4000000e+01   8.2900000e+01   1.8400000e+02
   9.8379978e+01   7.3115016e+01   1.8559499e+02
   1.1497638e+02   6.6411665e+01   1.8709439e+02
   2.1205021e+02   1.3600829e+02   1.6354772e+02
   2.0910000e+02   1.2000000e+02   1.6500000e+02
   2.0210000e+02   1.0300000e+02   1.6600000e+02
   1.9167791e+02   9.0577910e+01   1.6747403e+02
   1.7863894e+02   7.6538942e+01   1.6900000e+02
   1.6430281e+02   6.6079487e+01   1.6856166e+02
   1.4824244e+02   5.8677110e+01   1.6888811e+02
   4.6900000e+01   1.3300000e+02   1.6000000e+02
   4.9709723e+01   1.1686638e+02   1.6231000e+02
   5.6000000e+01   1.0190000e+02   1.6300000e+02
   6.8000000e+01   8.7900000e+01   1.6400000e+02
   8.1000000e+01   7.3900000e+01   1.6600000e+02
   9.6000000e+01   6.2900000e+01   1.6700000e+02
   1.1087244e+02   5.7640890e+01   1.6787811e+02
   2.1300000e+02   1.3593611e+02   1.4810000e+02
   2.1069524e+02   1.1697619e+02   1.4900000e+02
   2.0519924e+02   9.9198488e+01   1.5145038e+02
   1.9388571e+02   8.5380951e+01   1.5159524e+02
   1.8130486e+02   7.2080538e+01   1.5143784e+02
   1.6630486e+02   6.3080538e+01   1.5156216e+02
   1.4810000e+02   5.5000000e+01   1.5200000e+02
   4.5900000e+01   1.3600000e+02   1.4500000e+02
   4.7900000e+01   1.1600000e+02   1.4600000e+02
   5.3000000e+01   9.8900000e+01   1.4700000e+02
   6.5348887e+01   8.3138335e+01   1.4800000e+02
   7.7540609e+01   7.0359391e+01   1.4900000e+02
   9.3154000e+01   5.9823000e+01   1.5000000e+02
   1.1100000e+02   5.2900000e+01   1.5100000e+02
   2.1510000e+02   1.3300000e+02   1.1700000e+02
   2.1410000e+02   1.1597104e+02   1.1659421e+02
   2.0900000e+02   9.6000000e+01   1.1590000e+02
   1.9910000e+02   8.0000000e+01   1.1500000e+02
   1.8563690e+02   6.6536898e+01   1.1400000e+02
   1.6910000e+02   5.5000000e+01   1.1300000e+02
   1.5010154e+02   4.8463827e+01   1.1300000e+02
   4.2494208e+01   1.3102896e+02   1.1400000e+02
   4.5000000e+01   1.1490000e+02   1.1500000e+02
   5.1665339e+01   9.5660406e+01   1.1400000e+02
   6.3000000e+01   7.7900000e+01   1.1400000e+02
   7.7000000e+01   6.4900000e+01   1.1400000e+02
   9.3000000e+01   5.3900000e+01   1.1400000e+02
   1.1197104e+02   4.7305792e+01   1.1400000e+02
   2.1510000e+02   1.3300000e+02   1.0300000e+02
   2.1310000e+02   1.1400136e+02   1.0150034e+02
   2.0717867e+02   9.8157349e+01   1.0000000e+02
   1.9610000e+02   8.1000000e+01   9.8000000e+01
   1.8268211e+02   6.6582110e+01   9.6527370e+01
   1.6815735e+02   5.5978675e+01   9.5000000e+01
   1.5000000e+02   4.9900000e+01   9.4000000e+01
   4.5900000e+01   1.3300000e+02   9.7000000e+01
   4.8000000e+01   1.1490000e+02   9.7000000e+01
   5.5978675e+01   9.6842651e+01   9.6000000e+01
   6.4060829e+01   8.0733619e+01   9.5000000e+01
   7.6351883e+01   6.7136088e+01   9.5000000e+01
   9.2000000e+01   5.5900000e+01   9.4000000e+01
   1.0900000e+02   5.0900000e+01   9.4000000e+01
   2.0900000e+02   1.3497706e+02   8.5495413e+01
   2.0557125e+02   1.1707729e+02   8.2471254e+01
   2.0019963e+02   1.0019927e+02   8.0549817e+01
   1.9110000e+02   8.6000000e+01   7.8000000e+01
   1.8048165e+02   7.4786238e+01   7.6595413e+01
   1.6626384e+02   6.4059529e+01   7.5000000e+01
   1.4997706e+02   5.7495413e+01   7.4000000e+01
   5.0000000e+01   1.3300000e+02   8.3900000e+01
   5.4000000e+01   1.1590000e+02   8.1000000e+01
   5.9999634e+01   1.0080073e+02   7.9450183e+01
   6.9580147e+01   8.5319853e+01   7.7473284e+01
   8.1541240e+01   7.3358760e+01   7.7000000e+01
   9.5000000e+01   6.3900000e+01   7.4000000e+01
   1.1200000e+02   5.8000000e+01   7.3900000e+01
   2.0155758e+02   1.3403368e+02   7.0457577e+01
   1.9800000e+02   1.1890000e+02   6.9000000e+01
   1.9307719e+02   1.0415438e+02   6.6900000e+01
   1.8500000e+02   9.1000000e+01   6.5900000e+01
   1.7310000e+02   7.9000000e+01   6.4000000e+01
   1.6016011e+02   7.0479542e+01   6.2526857e+01
   1.4697660e+02   6.7000000e+01   6.1495320e+01
   5.6900000e+01   1.3500000e+02   6.9000000e+01
   6.0413636e+01   1.1994546e+02   6.6486364e+01
   6.7000000e+01   1.0590000e+02   6.4000000e+01
   7.3000000e+01   9.3900000e+01   6.4000000e+01
   8.5154377e+01   8.2922811e+01   6.2900000e+01
   9.7000000e+01   7.6000000e+01   6.0900000e+01
   1.1099586e+02   6.9488815e+01   6.0948881e+01
   1.9400000e+02   1.3590000e+02   5.8000000e+01
   1.9115573e+02   1.2531147e+02   5.7055734e+01
   1.8610000e+02   1.1100000e+02   5.5000000e+01
   1.7800000e+02   1.0000000e+02   5.3900000e+01
   1.6900000e+02   9.2000000e+01   5.2900000e+01
   1.5800000e+02   8.6000000e+01   5.1900000e+01
   1.4400000e+02   8.4000000e+01   4.9900000e+01
   6.3494428e+01   1.3502786e+02   5.8000000e+01
   6.7997442e+01   1.2280512e+02   5.6451279e+01
   7.2900000e+01   1.1300000e+02   5.5000000e+01
   8.1576691e+01   1.0042331e+02   5.3374436e+01
   9.2150306e+01   9.3924847e+01   5.1900000e+01
   1.0353769e+02   8.8462311e+01   4.9900000e+01
   1.1400000e+02   8.4000000e+01   4.9900000e+01
   1.8500000e+02   1.3800000e+02   4.7900000e+01
   1.8109810e+02   1.2719620e+02   4.6449049e+01
   1.7607583e+02   1.2015165e+02   4.4900000e+01
   1.6800000e+02   1.1300000e+02   4.3900000e+01
   1.5935219e+02   1.0826805e+02   4.1527047e+01
   1.5000000e+02   1.0300000e+02   4.1900000e+01
   1.4000000e+02   1.0200000e+02   4.0900000e+01
   7.5900000e+01   1.3800000e+02   4.5000000e+01
   7.9000000e+01   1.3000000e+02   4.3900000e+01
   8.5452209e+01   1.2199197e+02   4.1949799e+01
   9.1515397e+01   1.1643671e+02   4.0947890e+01
   1.0000000e+02   1.1100000e+02   4.0900000e+01
   1.0800000e+02   1.0700000e+02   3.9900000e+01
   1.1793349e+02   1.0200000e+02   3.9900000e+01
   1.6900000e+02   1.3400000e+02   3.6900000e+01
   1.5720459e+02   1.2507927e+02   3.4485674e+01
   1.4200000e+02   1.2100000e+02   3.3900000e+01
   9.1900000e+01   1.3600000e+02   3.5000000e+01
   1.0000000e+02   1.2700000e+02   3.3900000e+01
   1.1200000e+02   1.2100000e+02   3.2900000e+01
