0.34 	 32.10 	 -15.76  
1.41 	 -63.76 	 -13.19  
32.22 	 -15.57 	 -21.87  
 -38.07 	 -15.07 	 -22.81  
-3.573859e+00 	 -1.781974e+01 	 6.058220e+01 
5.884141e-02 	 3.866240e+01 	 -6.264346e+00 
4.103653e-01 	 4.169858e+01 	 4.459227e+00 
-3.525766e-01 	 4.142321e+01 	 1.541635e+01 
-2.110102e+00 	 3.783784e+01 	 2.633255e+01 
-3.402869e+00 	 3.208847e+01 	 3.657594e+01 
-2.417782e+00 	 2.413871e+01 	 4.487525e+01 
-3.043513e+00 	 1.607154e+01 	 5.006828e+01 
-3.191440e+00 	 5.782221e+00 	 5.543864e+01 
-2.336839e+00 	 -5.638611e+00 	 5.935971e+01 
-2.122267e+00 	 -2.863344e+01 	 6.048005e+01 
-3.362431e+00 	 -3.871617e+01 	 5.839952e+01 
-2.366032e+00 	 -5.046077e+01 	 5.377852e+01 
-6.084315e-01 	 -5.895412e+01 	 4.715555e+01 
-9.263719e-02 	 -6.521034e+01 	 3.828963e+01 
4.460259e-01 	 -7.029469e+01 	 2.663208e+01 
-1.449809e-01 	 -7.360235e+01 	 1.674882e+01 
-3.718756e-01 	 -7.434034e+01 	 5.517901e+00 
1.592544e+00 	 -7.115171e+01 	 -4.249914e+00 
-3.824099e+01 	 -1.566905e+01 	 -1.188664e+01 
-4.081892e+01 	 -1.565705e+01 	 -1.098921e+00 
-4.284793e+01 	 -1.558317e+01 	 9.848503e+00 
-4.377085e+01 	 -1.528226e+01 	 2.056947e+01 
-4.322978e+01 	 -1.743984e+01 	 3.187087e+01 
-3.913053e+01 	 -1.701024e+01 	 4.123522e+01 
-3.186254e+01 	 -1.703236e+01 	 4.948663e+01 
-2.222004e+01 	 -1.705643e+01 	 5.638860e+01 
-1.267801e+01 	 -1.668211e+01 	 6.052719e+01 
9.180334e+00 	 -1.634641e+01 	 6.057947e+01 
1.948497e+01 	 -1.812734e+01 	 5.694441e+01 
2.813706e+01 	 -1.728789e+01 	 5.064366e+01 
3.575660e+01 	 -1.646424e+01 	 4.302706e+01 
3.969988e+01 	 -1.756216e+01 	 3.245757e+01 
4.000194e+01 	 -1.577391e+01 	 2.191998e+01 
3.911406e+01 	 -1.633296e+01 	 1.111674e+01 
3.706969e+01 	 -1.575582e+01 	 4.932272e-01 
3.492319e+01 	 -1.526056e+01 	 -1.084210e+01 
-7.426196e+00 	 4.145732e+01 	 2.763386e+00 
-1.645399e+01 	 3.871953e+01 	 1.610990e+00 
-2.399401e+01 	 3.505376e+01 	 2.051791e+00 
-2.933971e+01 	 2.988453e+01 	 -6.640665e-01 
-3.361883e+01 	 2.335799e+01 	 3.192828e-01 
-3.560226e+01 	 1.623752e+01 	 -4.640667e-01 
-3.622754e+01 	 7.920923e+00 	 2.208535e-01 
-3.868527e+01 	 4.315709e-01 	 1.535541e-01 
-4.086919e+01 	 -8.373640e+00 	 -9.786020e-01 
-4.091409e+01 	 -2.465055e+01 	 -6.249726e-01 
-3.962526e+01 	 -3.293645e+01 	 -1.240350e+00 
-3.795567e+01 	 -4.013235e+01 	 -5.979960e-01 
-3.597523e+01 	 -4.842215e+01 	 1.342042e+00 
-3.295610e+01 	 -5.445464e+01 	 2.583987e-01 
-2.862899e+01 	 -6.146864e+01 	 1.428274e+00 
-2.297112e+01 	 -6.675268e+01 	 3.274145e+00 
-1.479802e+01 	 -7.088618e+01 	 3.248975e+00 
-8.783754e+00 	 -7.305797e+01 	 3.569686e+00 
6.848466e+00 	 4.070699e+01 	 2.839087e+00 
1.457159e+01 	 3.841205e+01 	 2.151496e+00 
2.055766e+01 	 3.501232e+01 	 2.041599e+00 
2.585419e+01 	 2.893493e+01 	 9.803235e-01 
2.992185e+01 	 2.098243e+01 	 3.799762e-01 
3.095838e+01 	 1.454146e+01 	 7.817263e-01 
3.240486e+01 	 6.842055e+00 	 2.861359e-01 
3.567258e+01 	 -5.671758e-01 	 4.512820e-01 
3.650443e+01 	 -7.384269e+00 	 9.602665e-02 
3.660549e+01 	 -2.319823e+01 	 -9.049458e-01 
3.583003e+01 	 -3.005308e+01 	 -3.221246e-01 
3.444003e+01 	 -3.733275e+01 	 2.066093e-01 
3.269546e+01 	 -4.584888e+01 	 1.624857e+00 
3.047202e+01 	 -5.276536e+01 	 1.652064e+00 
2.641757e+01 	 -5.971529e+01 	 2.520857e+00 
2.194755e+01 	 -6.474290e+01 	 2.953646e+00 
1.573722e+01 	 -6.947036e+01 	 4.349979e+00 
8.676657e+00 	 -7.247690e+01 	 4.435873e+00 
-3.659844e+01 	 1.858038e+01 	 7.772649e+00 
-3.496596e+01 	 2.050379e+01 	 1.558454e+01 
-3.382074e+01 	 2.037753e+01 	 2.259236e+01 
-2.860510e+01 	 2.340562e+01 	 2.806825e+01 
-2.402385e+01 	 2.365790e+01 	 3.519039e+01 
-1.794751e+01 	 2.343497e+01 	 4.056366e+01 
-1.073094e+01 	 2.382060e+01 	 4.367139e+01 
5.580299e+00 	 2.512850e+01 	 4.361615e+01 
1.279481e+01 	 2.423310e+01 	 4.088558e+01 
2.029140e+01 	 2.212128e+01 	 3.716053e+01 
2.647383e+01 	 2.098919e+01 	 3.059444e+01 
3.049080e+01 	 1.877513e+01 	 2.518092e+01 
3.258922e+01 	 1.775547e+01 	 1.645480e+01 
3.289354e+01 	 1.551022e+01 	 9.522805e+00 
-3.691940e+01 	 -5.045915e+01 	 9.697644e+00 
-3.596431e+01 	 -5.312625e+01 	 1.695532e+01 
-3.427051e+01 	 -5.369728e+01 	 2.526368e+01 
-2.968896e+01 	 -5.565596e+01 	 3.299043e+01 
-2.351774e+01 	 -5.822063e+01 	 3.833823e+01 
-1.809695e+01 	 -5.889231e+01 	 4.415202e+01 
-9.021451e+00 	 -5.906806e+01 	 4.790940e+01 
7.302518e+00 	 -5.932234e+01 	 4.717033e+01 
1.581653e+01 	 -5.759687e+01 	 4.493799e+01 
2.202124e+01 	 -5.672619e+01 	 3.899851e+01 
2.705310e+01 	 -5.498343e+01 	 3.363813e+01 
3.273468e+01 	 -5.197096e+01 	 2.670744e+01 
3.449409e+01 	 -5.107780e+01 	 1.834649e+01 
3.504169e+01 	 -4.721292e+01 	 9.945372e+00 
-2.936380e+01 	 3.136236e+01 	 6.458724e+00 
-2.730614e+01 	 3.338067e+01 	 9.917365e+00 
-2.531095e+01 	 3.480382e+01 	 1.531109e+01 
-2.200652e+01 	 3.539863e+01 	 1.977399e+01 
-1.713927e+01 	 3.647354e+01 	 2.287156e+01 
-1.253412e+01 	 3.771088e+01 	 2.383179e+01 
-6.796715e+00 	 3.801195e+01 	 2.637954e+01 
2.435800e+00 	 3.770609e+01 	 2.736016e+01 
8.151632e+00 	 3.711409e+01 	 2.672235e+01 
1.445501e+01 	 3.678636e+01 	 2.316033e+01 
1.925133e+01 	 3.476250e+01 	 2.120773e+01 
2.103472e+01 	 3.449777e+01 	 1.772441e+01 
2.432912e+01 	 3.270886e+01 	 1.323381e+01 
2.550711e+01 	 3.160373e+01 	 6.997810e+00 
-2.808205e+01 	 -6.343436e+01 	 6.797804e+00 
-2.493582e+01 	 -6.613222e+01 	 1.206630e+01 
-2.244908e+01 	 -6.805094e+01 	 1.664547e+01 
-1.971293e+01 	 -6.861228e+01 	 2.020143e+01 
-1.494014e+01 	 -6.954916e+01 	 2.581926e+01 
-1.237064e+01 	 -7.000581e+01 	 2.738910e+01 
-6.058911e+00 	 -7.020873e+01 	 2.917076e+01 
5.544540e+00 	 -6.989165e+01 	 2.739547e+01 
1.075882e+01 	 -6.945702e+01 	 2.821790e+01 
1.544469e+01 	 -6.842337e+01 	 2.557702e+01 
1.949051e+01 	 -6.722628e+01 	 2.105809e+01 
2.428946e+01 	 -6.470534e+01 	 1.726227e+01 
2.611171e+01 	 -6.307635e+01 	 1.176055e+01 
2.607311e+01 	 -6.160102e+01 	 6.461992e+00 
-4.002858e+01 	 1.803133e+00 	 1.007617e+01 
-4.014323e+01 	 2.058051e+00 	 1.829006e+01 
-3.866870e+01 	 2.998871e+00 	 2.876065e+01 
-3.617511e+01 	 3.075949e+00 	 3.655328e+01 
-2.888639e+01 	 4.587409e+00 	 4.475983e+01 
-2.222056e+01 	 4.088910e+00 	 5.098099e+01 
-1.387108e+01 	 4.845079e+00 	 5.476937e+01 
6.159291e+00 	 5.354737e+00 	 5.572601e+01 
1.627336e+01 	 4.899531e+00 	 5.229404e+01 
2.426231e+01 	 4.683744e+00 	 4.671381e+01 
3.046653e+01 	 3.890189e+00 	 3.980502e+01 
3.464096e+01 	 2.983325e+00 	 3.047015e+01 
3.626044e+01 	 2.249921e+00 	 2.117784e+01 
3.653827e+01 	 1.736119e+00 	 1.180273e+01 
-4.167508e+01 	 -3.469739e+01 	 8.911902e+00 
-4.191827e+01 	 -3.597340e+01 	 1.924423e+01 
-4.134759e+01 	 -3.514497e+01 	 3.043425e+01 
-3.661641e+01 	 -3.787618e+01 	 3.912638e+01 
-3.170451e+01 	 -3.754831e+01 	 4.622950e+01 
-2.257816e+01 	 -3.843701e+01 	 5.329884e+01 
-1.349160e+01 	 -3.982529e+01 	 5.797191e+01 
8.119360e+00 	 -3.859518e+01 	 5.903203e+01 
1.681401e+01 	 -3.717012e+01 	 5.628487e+01 
2.587442e+01 	 -3.782215e+01 	 4.990272e+01 
3.321132e+01 	 -3.725632e+01 	 4.139455e+01 
3.796862e+01 	 -3.507944e+01 	 3.229465e+01 
3.907107e+01 	 -3.314616e+01 	 2.220155e+01 
3.808435e+01 	 -3.332590e+01 	 1.242239e+01 
-4.226949e+01 	 -8.115733e+00 	 1.024264e+01 
-4.280314e+01 	 -8.391545e+00 	 1.898094e+01 
-4.108002e+01 	 -7.482984e+00 	 3.103323e+01 
-3.749387e+01 	 -6.211676e+00 	 3.948557e+01 
-3.062743e+01 	 -6.882322e+00 	 4.805479e+01 
-2.213585e+01 	 -6.068771e+00 	 5.434598e+01 
-1.267009e+01 	 -5.340369e+00 	 5.819311e+01 
7.721518e+00 	 -5.795692e+00 	 5.927813e+01 
1.819448e+01 	 -5.092532e+00 	 5.535066e+01 
2.640734e+01 	 -5.142689e+00 	 4.917073e+01 
3.364841e+01 	 -7.041042e+00 	 4.173821e+01 
3.729655e+01 	 -5.707435e+00 	 3.131653e+01 
3.836048e+01 	 -7.352371e+00 	 2.208590e+01 
3.756998e+01 	 -7.067059e+00 	 1.096034e+01 
-4.314097e+01 	 -2.475682e+01 	 8.427189e+00 
-4.403561e+01 	 -2.472261e+01 	 2.110863e+01 
-4.287805e+01 	 -2.705922e+01 	 3.037615e+01 
-3.920714e+01 	 -2.736881e+01 	 4.024893e+01 
-3.227811e+01 	 -2.780299e+01 	 4.905904e+01 
-2.332114e+01 	 -2.875622e+01 	 5.617752e+01 
-1.400243e+01 	 -2.916891e+01 	 6.009808e+01 
8.801106e+00 	 -2.947959e+01 	 6.072907e+01 
1.908039e+01 	 -2.870371e+01 	 5.659612e+01 
2.768160e+01 	 -2.786147e+01 	 5.111704e+01 
3.549492e+01 	 -2.766505e+01 	 4.239949e+01 
3.923672e+01 	 -2.650270e+01 	 3.232661e+01 
4.000950e+01 	 -2.475167e+01 	 2.138342e+01 
3.909701e+01 	 -2.427860e+01 	 1.063753e+01 
-3.823674e+01 	 9.207913e+00 	 7.912010e+00 
-3.861108e+01 	 1.012720e+01 	 1.685945e+01 
-3.679778e+01 	 1.241527e+01 	 2.619126e+01 
-3.285833e+01 	 1.290255e+01 	 3.463496e+01 
-2.696494e+01 	 1.409832e+01 	 4.097478e+01 
-2.007664e+01 	 1.395262e+01 	 4.679800e+01 
-1.198232e+01 	 1.511958e+01 	 5.021899e+01 
7.334926e+00 	 1.569206e+01 	 5.059418e+01 
1.542526e+01 	 1.556146e+01 	 4.622668e+01 
2.302876e+01 	 1.275373e+01 	 4.281322e+01 
2.852855e+01 	 1.251913e+01 	 3.592219e+01 
3.302853e+01 	 1.172634e+01 	 2.618776e+01 
3.443224e+01 	 9.349717e+00 	 1.787280e+01 
3.402630e+01 	 8.331615e+00 	 9.441058e+00 
-4.006718e+01 	 -4.273772e+01 	 1.026449e+01 
-4.013205e+01 	 -4.406277e+01 	 1.980505e+01 
-3.878010e+01 	 -4.538919e+01 	 2.710166e+01 
-3.376963e+01 	 -4.710429e+01 	 3.602694e+01 
-2.841279e+01 	 -4.898749e+01 	 4.270739e+01 
-2.085411e+01 	 -5.002450e+01 	 4.935242e+01 
-1.137919e+01 	 -4.933945e+01 	 5.425135e+01 
7.219847e+00 	 -4.995700e+01 	 5.473682e+01 
1.616480e+01 	 -4.912110e+01 	 5.106483e+01 
2.486216e+01 	 -4.800455e+01 	 4.542854e+01 
3.091768e+01 	 -4.609476e+01 	 3.877438e+01 
3.543641e+01 	 -4.395457e+01 	 3.069265e+01 
3.713814e+01 	 -4.277006e+01 	 2.031920e+01 
3.670674e+01 	 -4.038693e+01 	 1.056955e+01 
-3.320664e+01 	 2.569350e+01 	 5.991665e+00 
-3.178351e+01 	 2.750953e+01 	 1.364301e+01 
-2.909770e+01 	 2.935067e+01 	 1.825264e+01 
-2.513825e+01 	 3.020295e+01 	 2.517303e+01 
-2.106336e+01 	 3.089519e+01 	 2.906076e+01 
-1.597855e+01 	 3.117537e+01 	 3.361352e+01 
-9.094785e+00 	 3.204122e+01 	 3.602114e+01 
4.906669e+00 	 3.244740e+01 	 3.542660e+01 
1.212547e+01 	 3.057939e+01 	 3.435374e+01 
1.692892e+01 	 3.029445e+01 	 3.134946e+01 
2.176836e+01 	 2.959445e+01 	 2.658231e+01 
2.625222e+01 	 2.672642e+01 	 2.113658e+01 
2.935656e+01 	 2.553377e+01 	 1.449394e+01 
3.101248e+01 	 2.324630e+01 	 7.946632e+00 
-3.300841e+01 	 -5.760382e+01 	 8.706086e+00 
-3.158717e+01 	 -5.904680e+01 	 1.437836e+01 
-2.982234e+01 	 -6.062012e+01 	 2.279277e+01 
-2.586756e+01 	 -6.245347e+01 	 2.796171e+01 
-2.138710e+01 	 -6.421690e+01 	 3.326626e+01 
-1.556978e+01 	 -6.545852e+01 	 3.682273e+01 
-7.646505e+00 	 -6.539872e+01 	 4.025797e+01 
5.513875e+00 	 -6.542167e+01 	 3.957378e+01 
1.267749e+01 	 -6.477534e+01 	 3.894521e+01 
2.001711e+01 	 -6.255759e+01 	 3.378468e+01 
2.474510e+01 	 -6.112144e+01 	 2.906764e+01 
2.772147e+01 	 -6.027285e+01 	 2.279123e+01 
3.097850e+01 	 -5.684094e+01 	 1.693706e+01 
3.188608e+01 	 -5.500115e+01 	 8.738531e+00 
-1.990623e+01 	 3.766047e+01 	 7.117709e+00 
-1.455997e+01 	 3.998682e+01 	 1.053519e+01 
-8.931633e+00 	 4.100007e+01 	 1.468440e+01 
6.670587e+00 	 4.141806e+01 	 1.467393e+01 
1.292623e+01 	 4.027713e+01 	 1.142736e+01 
1.718267e+01 	 3.797134e+01 	 5.850608e+00 
-2.024836e+01 	 -6.999837e+01 	 8.539613e+00 
-1.463753e+01 	 -7.219849e+01 	 1.383832e+01 
-9.274621e+00 	 -7.308148e+01 	 1.660484e+01 
6.649673e+00 	 -7.254687e+01 	 1.680835e+01 
1.345478e+01 	 -7.074649e+01 	 1.324778e+01 
1.800645e+01 	 -6.915786e+01 	 8.681994e+00 
-7.452094e+00 	 3.849497e+01 	 -7.860115e+00 
-1.505067e+01 	 3.607027e+01 	 -9.570112e+00 
-2.199085e+01 	 3.377567e+01 	 -9.886287e+00 
-2.915209e+01 	 2.929477e+01 	 -1.022350e+01 
-3.251632e+01 	 2.413673e+01 	 -1.165084e+01 
-3.451205e+01 	 1.620167e+01 	 -1.025344e+01 
-3.247753e+01 	 7.237347e+00 	 -1.053365e+01 
-3.678149e+01 	 3.068664e+00 	 -1.180665e+01 
-3.813958e+01 	 -4.744592e+00 	 -1.074310e+01 
-3.781450e+01 	 -2.127079e+01 	 -1.203049e+01 
-3.668388e+01 	 -2.770764e+01 	 -1.046146e+01 
-3.417774e+01 	 -3.788560e+01 	 -1.018217e+01 
-3.284281e+01 	 -4.290851e+01 	 -1.012379e+01 
-2.972059e+01 	 -5.115037e+01 	 -9.885562e+00 
-2.584946e+01 	 -5.769633e+01 	 -8.004792e+00 
-2.076078e+01 	 -6.138234e+01 	 -7.554933e+00 
-1.420228e+01 	 -6.475951e+01 	 -7.170181e+00 
-7.293610e+00 	 -6.921208e+01 	 -5.300847e+00 
6.917113e+00 	 3.710420e+01 	 -7.345364e+00 
1.419986e+01 	 3.492267e+01 	 -9.340166e+00 
2.011796e+01 	 3.113388e+01 	 -9.597640e+00 
2.376259e+01 	 2.718777e+01 	 -1.037883e+01 
2.761936e+01 	 1.970716e+01 	 -1.053478e+01 
2.994144e+01 	 1.398483e+01 	 -1.141566e+01 
3.280672e+01 	 7.611383e+00 	 -1.055819e+01 
3.404093e+01 	 -1.622283e+00 	 -1.116806e+01 
3.520292e+01 	 -8.456285e+00 	 -1.059301e+01 
3.383332e+01 	 -2.168468e+01 	 -1.034909e+01 
3.184326e+01 	 -2.815953e+01 	 -9.571083e+00 
3.107832e+01 	 -3.573740e+01 	 -9.873236e+00 
2.927193e+01 	 -4.174367e+01 	 -1.036355e+01 
2.761423e+01 	 -4.854218e+01 	 -9.068091e+00 
2.385465e+01 	 -5.493528e+01 	 -8.530945e+00 
1.847973e+01 	 -5.998495e+01 	 -8.467914e+00 
1.379908e+01 	 -6.429866e+01 	 -6.766805e+00 
7.630677e+00 	 -6.916483e+01 	 -5.308800e+00 
